0 0.1982421875 0.2587890625 0.15625 0.162109375
1 0.33740234375 0.3216145833333333 0.0537109375 0.15625
1 0.44677734375 0.19694010416666666 0.03515625 0.134765625
1 0.553955078125 0.19108072916666666 0.03271484375 0.123046875
1 0.620361328125 0.08268229166666666 0.02587890625 0.07161458333333333
1 0.796142578125 0.06510416666666666 0.01123046875 0.0546875
1 0.92529296875 0.12760416666666666 0.0166015625 0.06770833333333333
1 0.956298828125 0.13118489583333331 0.01416015625 0.072265625
1 0.976318359375 0.13118489583333331 0.01708984375 0.07096354166666666
0 0.61962890625 0.2451171875 0.1728515625 0.17252604166666666
